$ANSIBLE_VAULT;1.1;AES256
36386366396263663565633136356135626361343435326230303730653234363337306536313631
3931353632626363373762306531346631616364636337370a633037363033303961376535376239
35313930393465376164353132616535383036316665666661396232346434626463376163396263
3232343663623762300a623439313831316336306634653431303435623837326432366166313534
31393535656239333534343435306166636633323262656565323739623834653733623036613865
32353565643137366262393530666265316461303633666531343735346233303832333261326561
66653564643163386633643766616133353938363464613631333631363563333234643936316535
62333566316564303863663436343365343933633936336364373864373238323136383235616265
33343866356565643537633737356535303336353863303830326662393061313136343136656636
62383062653734613965386665353430303861613439393535373833663836333438663863326161
64366165363433646132663933613631376132353266643833353830353666386135306466303064
30303465623761356235663266326239653365336266636536323333623032343532666262366539
33656562323639343032626262383534356435623261656662653965366262313764363163626634
35313530386138356433306362373436303839623932623861336263303338653062633031646635
38346632616661393966346565646437376531326263376266663433643339643832656231636635
38626464643332363931613764386164396434383832393039303736666439313936343463663365
33386137343635623535303839393866393064303435346638326533396530636538663832623138
39646264353065613437393034323630616430636261666430313033346563323136383935373033
36336331303633313039343932346437343937636161643461663863383730343731666539306163
33636530393062626434363734376135353632396431333936353136306661663230343034616466
64363731663330313031616264666630373032303837656331363635653136636632623364376164
37336532643362393830333432633030356336336464626331353736313363636435323165333636
32636164313639613566616534393937343261326462643430383838646131383238646666346537
32383066326534326637613062333361386665366332303065363035393339356332643137666663
37306564333865376330373030613238653035343162633236623238336565666334303233323539
35613437356338336161643935343535306434336564353135663931303031396464643536313865
65303264386562363063336630343765383335643936343934373332306431383936653931323236
63323730636164396630326135663939663435343632363261613261353539356231623838383064
32376665366636646265316464373238656637316664666361643231333866383633393135316531
30376462616236646330386239366661623236326163346539653431653964323266663439613361
39353266376235373733366330336336636239396662646265343238373033636464666536336631
34366139636139623565363766666165613937333666613462326631396437653532653964336132
66336662313633353762336633303734653038643164303933343764353963313132646564343432
39323263373131326336346234393462643130303132623962333662626636366133343065616561
30323663663263333063653565636561656461653639353337396539616632626161663331356231
37313137643934313161646463316464343366663766366263353763363339343434393737343238
33383661323664356161653934633665333264316431353561633735393431633161656130643561
31313931323338616337613734303866623837313866336361353136366262613134343761366466
63663031343838303832316430636434313862666432326239626234643932376162316662316465
37313164386632383861346534323735353333363434663034366436616361313966333438376637
64303732356237636462306463636261393532666637666439646531373738326261316131316362
39643633383964323865343238626637336333623162366563633862613030396534626139313765
64323463373464333331653933616439643061383239623165663462396130633035623531333532
38343231356337343561663064633264656164393736333966616130376332313235343139356231
33373438343963623862333831313664336638623536393265373639623536316535386566363665
38333330653465616630373637306331346432356165346664633531643339303531353734346566
33373937326431613933333538343734383935366333643330653963633737383135626561663630
65343361623764373235623936333130303836356562393332663465626462383031393262313062
39656561653964636463613835316162623266653361626564353533613435323464666137333535
36633735336264383237313136343462326132353839366637353732663033333731366663653532
30386636376135626431373934616366653932323735343637303635353366393331333439636436
35363432666164363035636166386234313161623963383838346465653262396465346662326434
38623531326233313537613166346331306163306662313032646338356262636461653462346334
30333264623365653435353139333531393136633438616534306335616238363935623661373832
33396565633430316464666363376232326439356466386439643766343463646239613833363661
30323135393262336230383834643463333432613061643065663739636533623363326462636461
37313334386635656661303232643236373033313963343161653165653633363462356633363933
61306664643635383063303632383838313363393730366139643465633433363565393064333637
38626636306537326661343761393331663530306134636363333132613465393837626635663234
34653934346238646136616530323239616133636333626563323832306330393064303334663738
36373734333832353038333630393630633736316664653265356634383236616561373333623965
32636164373261386230333839333466383836663935366630653962643532646465613530316666
38326563343963376639326636653738313664393333636265313161336339383335613336666436
35343462396135613064626535336636633733313636366433303437653632333366373837373361
3438
